CodeT5

6451   29
87     70

6495   37
47     58

6537   14
71     15

6461   36
89     51

6614    1
3       19


GraphCodeBERT

6450   30
90   67

6497   35
  52   53


6538   13
  73   13


6461   36
  95   45

6613    2
   2   20

UniXCoder

6444   36
  77   80

6507   25
  55   50

6534   17
  74   12

6474   23
  99   41

6612    3
   2   20

distilbert

6468   12
 116   41

6509   23
  75   30

6546    5
  81    5

6478   19
 113   27

6614    1
   2   20

codebert

6455   25
  91   66

6511   21
  63   42

6530   21
  74   12

6459   38
  91   49

6614    1
   1   21


